1766612
1766606
1766604
1766599
1766592
1766588
1766585
1766581
1766577
1766574
1766573
1766555
1766552
1766549
1766544
1766540
1766535
1766534
1766527
1766526
1766525
1766516
1766510
1766503
1766501
1766500
1766495
1766493
1766491
1766486
1766483
1766481
1766479
1766474
1766466
1766462
1766448
1766444
1766445
1766442
1766441
1766440
1766433
1766425
1766423
1766420
1766415
1766411
1766410
1766406
1766404
1766399
1766391
1766384
1766377
1766375
1766374
1766371
1766368
1766364
1766365
1766359
1766355
1766356
1766353
1766350
1766348
1766347
1766343
1766342
1766341
1766338
1766335
1766333
1766331
1766330
1766321
1766317
1766315
1766311
1766308
1766300
1766298
1766292
1766291
1766286
1766279
1766273
1766272
1766271
1766269
1766267
1766266
1766263
1766264
1766265
1766252
1766248
1766240
1766235
1766226
1766207
1766206
1766201
1766199
1766194
1766185
1766182
1766183
1766180
1766179
1766178
1766176
1766175
1766174
1766171
1766169
1766168
1766165
1766164
1766160
1766152
1766153
1766151
1766150
1766147
1766146
1766143
1766142
1766141
1766138
1766136
1766134
1766121
1766122
1766108
1766110
1766106
1766105
1766104
1766102
1766094
1766088
1766084
1766082
1766076
1766071
1766063
1766062
1766057
1766056
1766049
1766048
1766042
1766036
1766032
1766029
1766028
1766027
1766021
1766022
1766018
1766014
1766013
1766007
1766002
1765997
1765993
1765990
1765985
1765983
1765982
1765969
1765968
1765966
1765965
1765961
1765951
1765948
1765947
1765941
1765944
1765942
1765939
1765935
1765930
1765929
1765926
1765925
1765922
1765918
1765917
1765913
1765907
1765905
1765903
1765887
1765883
1765885
1765870
1765868
1765866
1765864
1765865
1765858
1765856
1765855
1765854
1765850
1765849
1765848
1765846
1765841
1765838
1765830
1765827
1765826
1765825
1765820
1765819
1765818
1765816
1765814
1765813
1765809
1765801
1765799
1765792
1765785
1765775
1765769
1765768
1765766
1765764
1765760
1765757
1765751
1765750
1765749
1765747
1765743
1765745
1765740
1765739
1765724
1765715
1765706
1765704
1765698
1765682
1765683
1765680
1765671
1765666
1765667
1765663
1765662
1765660
1765659
1765658
1765646
1765642
1765640
1765635
1765623
1765612
1765607
1765601
1765597
1765595
1765598
1765591
1765588
1765586
1765581
1765582
1765580
1765578
1765577
1765573
1765572
1765571
1765567
1765566
1765562
1765558
1765551
1765546
1765541
1765539
1765537
1765535
1765533
1765531
1765526
1765525
1765523
1765520
1765518
1765517
1765510
1765508
1765505
1765499
1765495
1765493
1765492
1765490
1765489
1765487
1765486
1765484
1765474
1765470
1765469
1765465
1765454
1765452
1765446
1765444
1765441
1765435
1765434
1765432
1765431
1765430
1765429
1765427
1765423
1765424
1765421
1765420
1765415
1765412
1765411
1765398
1765392
1765391
1765390
1765380
1765375
1765377
1765365
1765348
1765344
1765339
1765330
1765329
1765327
1765326
1765322
1765325
1765321
1765319
1765316
1765305
1765297
1765295
1765294
1765292
1765288
1765287
1765285
1765277
1765270
1765262
1765260
1765258
1765250
1765251
1765249
1765247
1765246
1765244
1765239
1765235
1765232
1765229
1765225
1765224
1765220
1765207
1765206
1765199
1765191
1765188
1765186
1765174
1765164
1765165
1765161
1765157
1765149
1765147
1765146
1765139
1765138
1765135
1765134
1765133
1765131
1765130
1765125
1765120
1765119
1765118
1765113
1765106
1765101
1765104
1765098
1765097
1765096
1765094
1765095
1765081
1765082
1765080
1765078
1765077
1765076
1765074
1765071
1765070
1765069
1765066
1765067
1765053
1765050
1765045
1765044
1765042
1765039
1765034
1765031
1765032
1765029
1765025
1765024
1765017
1765007
1764999
1764993
1764994
1764992
1764988
1764981
1764980
1764964
1764954
1764950
1764947
1764945
1764943
1764942
1764944
1764941
1764939
1764936
1764933
1764928
1764925
1764923
1764924
1764921
1764922
1764919
1764916
1764914
1764907
1764906
1764894
1764889
1764884
1764882
1764880
1764877
1764875
1764870
1764865
1764858
1764855
1764851
1764850
1764841
1764837
1764835
1764833
1764832
1764830
1764821
1764804
1764801
1764799
1764795
1764794
1764787
1764783
1764782
1764779
1764780
1764762
1764764
1764763
1764754
1764753
1764750
1764746
1764743
1764740
1764732
1764730
1764729
1764728
1764727
1764726
1764720
1764715
1764712
1764696
1764693
1764692
1764675
1764674
1764671
1764651
1764649
1764636
1764634
1764626
1764625
1764623
1764620
1764618
1764605
1764602
1764598
1764589
1764584
1764577
1764574
1764573
1764562
1764560
1764559
1764555
1764539
1764538
1764533
1764530
1764514
1764512
1764509
1764506
1764505
1764500
1764493
1764492
1764486
1764485
1764484
1764477
1764475
1764473
1764471
1764467
1764452
1764451
1764449
1764446
1764441
1764437
1764438
1764433
1764426
1764425
1764420
1764416
1764413
1764412
1764410
1764408
1764407
1764402
1764404
1764399
1764396
1764378
1764377
1764376
1764374
1764366
1764349
1764347
1764334
1764330
1764324
1764323
1764319
1764310
1764309
1764307
1764300
1764297
1764295
1764296
1764287
1764283
1764282
1764281
1764279
1764275
1764273
1764270
1764266
1764260
1764258
1764257
1764255
1764247
1764246
1764242
1764239
1764236
1764234
1764231
1764229
1764227
1764225
1764223
1764218
1764214
1764212
1764211
1764210
1764207
1764198
1764184
1764180
1764175
1764169
1764168
1764166
1764161
1764163
1764157
1764151
1764144
1764133
1764129
1764126
1764120
1764118
1764114
1764108
1764107
1764101
1764096
1764093
1764091
1764084
1764080
1764078
1764077
1764075
1764072
1764070
1764069
1764067
1764066
1764059
1764054
1764048
1764037
1764039
1764033
1764029
1764025
1764024
1764019
1764018
1764015
1764012
1764006
1764000
1763999
1763990
1763984
1763982
1763975
1763968
1763967
1763963
1763964
1763961
1763956
1763953
1763957
1763950
1763945
1763941
1763939
1763936
1763931
1763929
1763926
1763925
1763919
1763916
1763912
1763903
1763896
1763897
1763893
1763892
1763890
1763887
1763885
1763882
1763880
1763863
1763861
1763862
1763860
1763856
1763855
1763852
1763849
1763846
1763844
1763840
1763838
1763836
1763833
1763823
1763814
1763807
1763806
1763800
1763794
1763793
1763791
1763790
1763788
1763789
1763785
1763779
1763772
1763771
1763770
1763769
1763768
1763764
1763761
1763753
1763748
1763741
1763743
1763738
1763735
1763731
1763723
1763722
1763714
1763712
1763703
1763695
1763691
1763688
1763685
1763682
1763680
1763677
1763672
1763671
1763673
1763669
1763663
1763665
1763662
1763660
1763657
1763656
1763646
1763644
1763645
1763643
1763642
1763632
1763627
1763621
1763624
1763618
1763613
1763609
1763607
1763605
1763585
1763584
1763580
1763570
1763571
1763567
1763564
1763562
1763565
1763559
1763555
1763557
1763551
1763549
1763548
1763542
1763540
1763539
1763527
1763528
1763525
1763521
1763522
1763519
1763518
1763516
1763515
1763513
1763511
1763510
1763502
1763498
1763497
1763493
1763490
1763487
1763485
1763468
1763465
1763461
1763457
1763453
1763441
1763439
1763433
1763429
1763426
1763418
1763417
1763415
1763408
1763407
1763401
1763396
1763386
1763381
1763383
1763382
1763373
1763371
1763365
1763361
1763364
1763362
1763355
1763354
1763353
1763352
1763342
1763340
1763329
1763330
1763328
1763327
1763324
1763320
1763315
1763316
1763310
1763309
1763308
1763307
1763299
1763295
1763289
1763288
1763282
1763280
1763278
1763266
1763265
1763262
1763260
1763258
1763256
1763252
1763251
1763227
1763226
1763228
1763208
1763207
1763202
1763197
1763196
1763193
1763191
1763186
1763173
1763171
1763167
1763166
1763163
1763161
1763159
1763156
1763155
1763146
1763144
1763141
1763135
1763133
1763126
1763125
1763111
1763102
1763101
1763095
1763091
1763085
1763074
1763073
1763075
1763072
1763071
1763069
1763065
1763064
1763062
1763060
1763058
1763057
1763053
1763048
1763046
1763047
1763043
1763040
1763035
1763034
1763031
1763027
1763025
1763016
1763011
1763012
1763005
1762999
1762998
1762989
1762991
1762984
1762985
1762971
1762969
1762970
1762967
1762966
1762963
1762955
1762953
1762951
1762950
1762943
1762934
1762921
1762920
1762909
1762903
1762902
1762898
1762897
1762896
1762894
1762889
1762888
1762886
1762885
1762872
1762862
1762863
1762861
1762859
1762850
1762844
1762845
1762842
1762835
1762833
1762828
1762824
1762822
1762820
1762817
1762818
1762815
1762813
1762807
1762805
1762796
1762793
1762789
1762787
1762783
1762782
1762779
1762774
1762775
1762772
1762771
1762767
1762763
1762761
1762759
1762756
1762754
1762752
1762750
1762740
1762730
1762728
1762725
1762716
1762709
1762702
1762694
1762691
1762690
1762689
1762677
1762674
1762667
1762663
1762657
1762647
1762636
1762634
1762637
1762633
1762632
1762628
1762629
1762622
1762620
1762608
1762607
1762605
1762602
1762603
1762598
1762600
1762591
1762587
1762586
1762561
1762522
1762516
1762508
1762507
1762506
1762502
1762468
1762459
1762446
1762441
1762443
1762442
1762440
1762439
1762438
1762437
1762436
1762381
1762384
1762382
1762380
1762379
1762376
1762377
1762378
1762375
1762374
1762325
1762324
1762321
1762323
1762322
1762320
1762319
1762318
1762317
1762316
1762315
1762314
1762313
1762312
1762252
1762251
1762250
1762244
1762183
1762179
1762177
1762178
1762176
1762175
1762174
1762173
1762172
1762171
1762170
1762169
1762167
1762168
1762166
1762165
1762118
1762117
1762116
1762115
1762114
1762113
1762111
1762112
1762110
1762109
1762108
1762107
1762106
1762105
1762013
1762008
1762007
1762006
1762003
1762004
1762005
1761923
1761919
1761916
1761920
1761917
1761918
1761915
1761914
1761913
1761912
1761910
1761909
1761908
1761911
1761907
1761881
1761882
1761875
1761873
1761874
1761871
1761872
1761870
1761869
1761808
1761803
1761802
1761801
1761800
1761799
1761798
1761797
1761796
1761795
1761740
1761739
1761737
1761734
1761733
1761732
1761731
1761729
1761730
1761728
1761727
1761726
1761725
1761723
1761724
1761674
1761671
1761669
1761666
1761665
1761664
1761662
1761661
1761663
1761660
1761659
1761658
1761657
1761656
1761625
1761622
1761595
1761594
1761593
1761590
1761589
1761588
1761586
1761587
1761585
1761584
1761519
1761481
1761479
1761478
1761477
1761476
1761447
1761444
1761434
1761433
1761422
1761418
1761417
1761416
1761415
1761414
1761413
1761412
1761411
1761384
1761372
1761370
1761368
1761367
1761366
1761365
1761364
1761362
1761363
1761361
1761360
1761359
1761358
1761357
1761312
1761308
1761307
1761306
1761265
1761246
1761245
1761217
1761196
1761157
1761155
1761152
1761151
1761150
1761149
1761148
1761147
1761064
1761040
1761039
1761037
1761036
1761035
1761034
1761033
1761032
1761031
1761030
1761029
1761028
1761027
1761026
1761025
1761023
1761024
1761022
1761021
1761020
1761019
1761018
1761017
1760950
1760948
1760949
1760947
1760946
1760943
1760942
1760945
1760944
1760941
1760899
1760896
1760895
1760894
1760897
1760893
1760892
1760891
1760890
1760888
1760889
1760887
1760886
1760883
1760884
1760885
1760882
1760777
1760776
1760775
1760774
1760773
1760772
1760736
1760720
1760712
1760706
1760704
1760703
1760701
1760702
1760700
1760699
1760640
1760634
1760632
1760633
1760631
1760630
1760629
1760628
1760600
1760598
1760599
1760597
1760596
1760595
1760594
1760593
1760592
1760591
1760590
1760589
1760588
1760587
1760509
1760505
1760504
1760503
1760502
1760501
1760500
1760499
1760498
1760497
1760432
1760430
1760427
1760424
1760423
1760421
1760422
1760425
1760420
1760419
1760418
1760417
1760416
1760415
1760414
1760413
1760412
1760411
1760397
1760349
1760291
1760292
1760290
1760289
1760288
1760287
1760286
1760230
1760228
1760226
1760224
1760221
1760222
1760223
1760220
1760219
1760184
1760183
1760180
1760177
1760174
1760173
1760172
1760171
1760170
1760169
1760168
1760166
1760140
1760125
1760124
1760123
1760120
1760119
1760118
1760117
1760116
1760115
1760114
1760113
1760112
1760111
1760110
1760109
1760108
1760011
1760012
1760010
1760009
1759964
1759963
1759962
1759959
1759957
1759955
1759956
1759954
1759953
1759952
1759951
1759950
1759948
1759949
1759895
1759894
1759893
1759892
1759891
1759890
1759888
1759889
1759887
1759841
1759842
1759840
1759839
1759819
1759781
1759778
1759777
1759776
1759775
1759774
1759705
1759701
1759703
1759702
1759704
1759700
1759699
1759698
1759697
1759696
1759668
1759666
1759661
1759662
1759663
1759660
1759658
1759657
1759659
1759656
1759655
1759654
1759653
1759651
1759650
1759652
1759649
1759648
1759647
1759646
1759645
1759555
1759553
1759552
1759550
1759551
1759549
1759548
1759547
1759450
1759451
1759449
1759448
1759446
1759447
1759445
1759444
1759406
1759405
1759392
1759390
1759389
1759391
1759388
1759387
1759386
1759385
1759337
1759334
1759332
1759331
1759330
1759329
1759328
1759327
1759326
1759324
1759325
1759262
1759260
1759259
1759258
1759257
1759256
1759255
1759205
1759201
1759203
1759199
1759200
1759198
1759196
1759197
1759195
1759194
1759193
1759192
1759190
1759189
1759145
1759134
1759133
1759131
1759132
1759130
1759129
1759128
1759127
1759126
1759125
1759124
1759014
1759011
1759007
1759008
1759005
1759001
1759004
1759003
1759002
1759000
1758999
1758998
1758997
1758996
1758995
1758994
1758993
1758992
1758991
1758990
1758908
1758906
1758905
1758904
1758902
1758903
1758901
1758900
1758899
1758897
1758896
1758898
1758895
1758894
1758893
1758856
1758855
1758799
1758796
1758795
1758794
1758793
1758792
1758791
1758790
1758789
1758739
1758738
1758737
1758736
1758735
1758734
1758688
1758678
1758677
1758676
1758675
1758674
1758673
1758672
1758671
1758670
1758654
1758637
1758636
1758634
1758632
1758633
1758631
1758630
1758629
1758628
1758626
1758627
1758625
1758623
1758622
1758624
1758621
1758516
1758515
1758514
1758513
1758512
1758511
1758433
1758432
1758431
1758430
1758429
1758401
1758377
1758378
1758380
1758379
1758376
1758375
1758320
1758307
1758306
1758305
1758302
1758301
1758304
1758303
1758299
1758300
1758298
1758297
1758296
1758295
1758294
1758292
1758293
1758291
1758243
1758219
1758216
1758215
1758214
1758212
1758213
1758211
1758210
1758142
1758139
1758138
1758136
1758137
1758135
1758134
1758133
1758132
1758131
1758085
1758081
1758082
1758083
1758079
1758080
1758078
1758077
1758076
1758075
1758074
1758002
1757971
1757968
1757967
1757966
1757965
1757964
1757962
1757963
1757890
1757841
1757835
1757832
1757833
1757831
1757829
1757830
1757828
1757827
1757826
1757824
1757822
1757825
1757823
1757801
1757802
1757800
1757798
1757799
1757797
1757796
1757795
1757794
1757793
1757792
1757791
1757789
1757788
1757786
1757787
1757785
1757724
1757721
1757722
1757723
1757720
1757719
1757655
1757656
1757657
1757654
1757653
1757651
1757650
1757652
1757649
1757608
1757607
1757606
1757605
1757604
1757602
1757601
1757603
1757600
1757599
1757598
1757597
1757596
1757595
1757594
1757592
1757593
1757591
1757589
1757590
1757562
1757565
1757558
1757557
1757551
1757542
1757540
1757539
1757531
1757529
1757521
1757523
1757522
1757520
1757504
1757505
1757500
1757495
1757494
1757489
1757466
1757419
1757406
1757403
1757401
1757380
1757378
1757371
1757370
1757365
1757351
1757313
1757308
1757284
1757278
1757276
1757254
1757242
1757218
1757217
1757215
1757185
1757183
1757177
1757175
1757176
1757174
1757172
1757136
1757140
1757135
1757118
1757107
1757105
1757075
1757072
1757070
1757069
1757068
1757050
1757020
1757011
1756996
1756952
1756941
1756943
1756940
1756937
1756930
1756925
1756923
1756900
1756899
1756881
1756856
1756801
1756794
1756790
1756785
1756782
1756756
1756730
1756712
1756710
1756703
1756700
1756690
1756654
1756649
1756633
1756631
1756618
1756583
1756569
1756556
1756539
1756540
1756537
1756536
1756533
1756529
1756524
1756514
1756510
1756508
1756505
1756498
1756492
1756491
1756475
1756466
1756464
1756460
1756452
1756450
1756448
1756447
1756446
1756444
1756441
1756440
1756439
1756437
1756436
1756438
1756435
1756424
1756422
1756421
1756418
1756408
1756397
1756392
1756391
1756380
1756373
1756369
1756370
1756367
1756357
1756354
1756352
1756345
1756329
1756328
1756325
1756318
1756314
1756309
1756306
1756304
1756301
1756300
1756299
1756295
1756294
1756289
1756286
1756284
1756279
1756240
1756239
1756237
1756236
1756226
1756220
1756219
1756216
1756190
1756184
1756177
1756172
1756169
1756164
1756137
1756133
1756131
1756122
1756117
1756113
1756105
1756100
1756088
1756079
1756055
1756052
1756049
1756029
1756025
1756022
1756018
1756014
1756003
1755998
1755981
1755973
1755972
1755971
1755969
1755968
1755967
1755965
1755951
1755879
1755862
1755861
1755863
1755860
1755859
1755858
1755857
1755838
1755837
1755836
1755834
1755801
1755800
1755763
1755756
1755699
1755697
1755605
1755591
1755590
1755589
1755585
1755582
1755535
1755491
1755471
1755432
1755386
1755385
1755378
1755364
1755362
1755360
1755353
1755352
1755345
1755342
1755325
1755319
1755314
1755310
1755304
1755300
1755296
1755289
1755282
1755274
1755269
1755239
1755230
1755225
1755189
1755184
1755166
1755158
1755150
1755140
1755129
1755121
1755123
1755120
1755111
1755112
1755099
1755097
1755087
1755083
1755080
1755079
1755061
1755060
1755059
1755057
1755055
1755050
1755049
1755047
1755044
1755031
1755029
1755027
1755020
1755014
1755005
1754999
1754998
1754996
1754994
1754993
1754992
1754990
1754988
1754974
1754971
1754969
1754955
1754954
1754941
1754935
1754934
1754933
1754930
1754932
1754927
1754918
1754913
1754911
1754908
1754903
1754905
1754900
1754896
1754887
1754884
1754885
1754882
1754880
1754879
1754877
1754876
1754875
1754874
1754872
1754873
1754871
1754869
1754865
1754860
1754850
1754848
1754844
1754845
1754840
1754837
1754834
1754832
1754830
1754829
1754823
1754820
1754817
1754815
1754811
1754809
1754807
1754804
1754794
1754793
1754792
1754791
1754786
1754785
1754781
1754774
1754773
1754772
1754770
1754769
1754767
1754766
1754765
1754763
1754758
1754757
1754745
1754743
1754742
1754739
1754734
1754732
1754731
1754727
1754723
1754724
1754713
1754712
1754701
1754699
1754691
1754688
1754686
1754685
1754681
1754679
1754678
1754677
1754675
1754671
1754659
1754652
1754649
1754647
1754646
1754636
1754632
1754626
1754627
1754617
1754616
1754613
1754607
1754605
1754602
1754595
1754591
1754588
1754585
1754577
1754571
1754567
1754566
1754560
1754556
1754553
1754548
1754537
1754536
1754535
1754534
1754528
1754527
1754521
1754523
1754516
1754518
1754509
1754508
1754505
1754497
1754498
1754496
1754495
1754493
1754492
1754490
1754485
1754469
1754454
1754452
1754448
1754443
1754444
1754437
1754439
1754432
1754421
1754425
1754420
1754419
1754402
1754399
1754397
1754389
1754388
1754384
1754379
1754378
1754377
1754372
1754369
1754368
1754359
1754346
1754337
1754334
1754331
1754290
1754287
1754280
1754273
1754268
1754257
1754251
1754238
1754239
1754235
1754209
1754206
1754205
1754195
1754174
1754169
1754168
1754167
1754166
1754163
1754165
1754130
1754127
1754121
1754101
1754036
1754032
1754012
1753994
1753948
1753902
1753882
1753878
1753815
1753806
1753786
1753783
1753781
1753780
1753778
1753776
1753771
1753770
1753772
1753761
1753765
1753757
1753755
1753759
1753753
1753736
1753734
1753732
1753731
1753730
1753729
1753722
1753718
1753696
1753680
1753650
1753649
1753645
1753637
1753636
1753626
1753625
1753622
1753615
1753596
1753591
1753580
1753577
1753573
1753569
1753556
1753539
1753533
1753526
1753524
1753492
1753488
1753466
1753458
1753456
1753455
1753454
1753453
1753445
1753438
1753432
1753427
1753397
1753380
1753375
1753373
1753372
1753368
1753366
1753362
1753357
1753351
1753343
1753324
1753312
1753276
1753274
1753272
1753260
1753256
1753253
1753247
1753243
1753235
1753211
1753209
1753204
1753198
1753195
1753193
1753191
1753186
1753183
1753179
1753178
1753174
1753170
1753167
1753161
1753160
1753155
1753150
1753129
1753121
1753118
1753094
1753090
1753083
1753075
1753065
1753045
1753044
1753042
1753029
1753023
1753018
1752997
1752974
1752971
1752964
1752954
1752950
1752944
1752937
1752933
1752923
1752922
1752917
1752907
1752887
1752876
1752868
1752842
1752840
1752839
1752837
1752828
1752821
1752818
1752816
1752814
1752812
1752810
1752808
1752806
1752782
1752776
1752766
1752758
1752757
1752756
1752752
1752751
1752750
1752747
1752745
1752735
1752729
1752726
1752723
1752708
1752701
1752699
1752688
1752686
1752685
1752659
1752656
1752655
1752651
1752649
1752644
1752642
1752636
1752639
1752640
1752620
1752612
1752610
1752605
1752596
1752581
1752583
1752573
1752563
1752558
1752551
1752547
1752550
1752543
1752544
1752534
1752535
1752495
1752486
1752469
1752468
1752466
1752461
1752463
1752460
1752458
1752459
1752438
1752427
1752409
1752392
1752378
1752376
1752356
1752339
1752338
1752330
1752306
1752303
1752288
1752277
1752266
1752260
1752237
1752216
1752204
1752199
1752193
1752190
1752182
1752178
1752166
1752165
1752161
1752155
1752154
1752148
1752139
1752126
1752107
1752105
1752102
1752099
1752097
1752095
1752094
1752084
1752078
1752047
1752044
1752038
1752033
1752029
1752026
1752022
1752020
1752009
1752003
1751977
1751953
1751951
1751936
1751928
1751917
1751914
1751912
1751907
1751904
1751903
1751897
1751895
1751873
1751863
1751860
1751854
1751840
1751838
1751832
1751819
1751815
1751812
1751809
1751800
1751798
1751783
1751782
1751778
1751777
1751775
1751766
1751767
1751763
1751758
1751755
1751751
1751740
1751732
1751726
1751725
1751717
1751708
1751694
1751684
1751666
1751664
1751654
1751652
1751644
1751638
1751634
1751629
1751628
1751623
1751624
1751617
1751614
1751585
1751583
1751582
1751581
1751577
1751571
1751566
1751562
1751561
1751556
1751550
1751522
1751521
1751489
1751479
1751467
1751451
1751425
1751398
1751392
1751381
1751382
1751376
1751372
1751373
1751365
1751360
1751357
1751355
1751324
1751318
1751317
1751315
1751313
1751312
1751311
1751314
1751310
1751300
1751291
1751277
1751257
1751227
1751220
1751218
1751217
1751216
1751171
1751170
1751165
1751156
1751137
1751101
1751098
1751096
1751095
1751068
1751056
1751010
1750978
1750977
1750976
1750971
1750969
1750965
1750959
1750952
1750949
1750950
1750942
1750940
1750927
1750924
1750910
1750896
1750880
1750878
1750851
1750848
1750847
1750846
1750822
1750803
1750770
1750751
1750721
1750707
1750708
1750692
1750677
1750678
1750674
1750665
1750619
1750620
1750598
1750596
1750595
1750593
1750585
1750556
1750555
1750542
1750534
1750528
1750522
1750523
1750524
1750512
1750504
1750485
1750484
1750480
1750471
1750459
1750458
1750421
1750425
1750420
1750415
1750393
1750366
1750362
1750364
1750360
1750350
1750343
1750339
1750338
1750335
1750323
1750321
1750309
1750304
1750293
1750292
1750287
1750284
1750283
1750282
1750278
1750273
1750271
1750237
1750235
1750224
1750221
1750214
1750215
1750211
1750200
1750195
1750181
1750176
1750177
1750173
1750171
1750168
1750163
1750161
1750157
1750154
1750148
1750147
1750145
1750139
1750136
1750133
1750131
1750129
1750128
1750132
1750126
1750123
1750121
1750125
1750120
1750113
1750108
1750106
1750091
1750088
1750086
1750084
1750085
1750081
1750082
1750080
1750070
1750066
1750059
1750057
1750048
1750049
1750046
1750045
1750043
1750040
1750016
1749994
1749991
1749982
1749985
1749980
1749972
1749970
1749963
1749956
1749952
1749950
1749940
1749935
1749923
1749921
1749925
1749910
1749875
1749869
1749863
1749853
1749851
1749842
1749838
1749825
1749787
1749764
1749748
1749740
1749738
1749724
1749716
1749697
1749693
1749686
1749684
1749682
1749681
1749679
1749678
1749675
1749672
1749670
1749668
1749667
1749666
1749664
1749665
1749655
1749649
1749648
1749642
1749639
1749632
1749599
1749590
1749586
1749583
1749571
1749552
1749530
1749519
1749511
1749506
1749502
1749491
1749484
1749470
1749466
1749461
1749455
1749442
1749440
1749439
1749433
1749431
1749429
1749425
1749423
1749421
1749416
1749414
1749406
1749405
1749401
1749386
1749388
1749376
1749375
1749370
1749363
1749359
1749358
1749355
1749351
1749348
1749347
1749346
1749342
1749340
1749321
1749323
1749318
1749306
1749300
1749298
1749288
1749283
1749278
1749271
1749263
1749259
1749258
1749255
1749250
1749248
1749247
1749225
1749223
1749209
1749205
1749202
1749203
1749196
1749187
1749186
1749182
1749153
1749151
1749143
1749105
1749090
1749084
1749072
1749073
1749070
1749067
1749050
1749053
1749049
1749042
1749043
1749045
1749035
1749027
1749014
1749010
1749002
1749005
1748988
1748981
1748969
1748951
1748949
1748936
1748934
1748929
1748917
1748914
1748900
1748894
1748890
1748886
1748883
1748870
1748860
1748856
1748841
1748827
1748828
1748826
1748818
1748817
1748811
1748804
1748801
1748797
1748788
1748760
1748757
1748756
1748747
1748742
1748737
1748734
1748731
1748720
1748718
1748710
1748706
1748701
1748697
1748695
1748694
1748691
1748669
1748668
1748661
1748663
1748659
1748658
1748655
1748652
1748629
1748628
1748616
1748607
1748604
1748603
1748569
1748562
1748553
1748550
1748549
1748548
1748542
1748538
1748533
1748528
1748502
1748495
1748492
1748491
1748489
1748488
1748486
1748423
1748421
1748418
1748404
1748377
1748375
1748373
1748371
1748369
1748313
1748254
1748251
1748248
1748246
1748234
1748201
1748200
1748196
1748194
1748192
1748191
1748167
1748145
1748135
1748123
1748119
1748116
1748083
1748070
1748065
1748005
1748004
1747985
1747984
1747940
1747935
1747932
1747910
1747897
1747893
1747884
1747846
1747837
1747826
1747810
1747784
1747759
1747748
1747705
1747698
1747688
1747681
1747683
1747684
1747672
1747667
1747662
1747663
1747661
1747657
1747655
1747649
1747620
1747617
1747602
1747600
1747598
1747596
1747595
1747591
1747589
1747584
1747580
1747553
1747549
1747544
1747527
1747523
1747517
1747516
1747514
1747511
1747509
1747502
1747505
1747501
1747497
1747493
1747490
1747479
1747478
1747459
1747452
1747446
1747425
1747408
1747405
1747401
1747403
1747399
1747379
1747358
1747355
1747293
1747263
1747265
1747256
1747251
1747249
1747247
1747238
1747233
1747220
1747216
1747199
1747198
1747194
1747193
1747196
1747183
1747174
1747173
1747171
1747172
1747170
1747168
1747161
1747163
1747160
1747159
1747151
1747148
1747139
1747138
1747136
1747126
1747123
1747121
1747115
1747107
1747106
1747104
1747102
1747097
1747085
1747081
1747079
1747078
1747076
1747075
1747071
1747062
1747061
1747058
1747053
1747052
1747046
1747038
1747035
1747033
1747030
1747031
1747027
1747026
1747024
1747019
1747004
1746996
1746989
1746986
1746982
1746971
1746969
1746966
1746958
1746955
1746951
1746949
1746947
1746944
1746941
1746940
1746930
1746910
1746895
1746882
1746874
1746862
1746861
1746857
1746856
1746852
1746844
1746841
1746840
1746834
1746824
1746820
1746815
1746813
1746788
1746769
1746763
1746742
1746731
1746723
1746710
1746695
1746671
1746667
1746663
1746662
1746612
1746587
1746582
1746585
1746572
1746573
1746564
1746556
1746555
1746543
1746538
1746512
1746509
1746508
1746507
1746501
1746500
1746493
1746491
1746490
1746486
1746470
1746466
1746465
1746461
1746453
1746448
1746438
1746434
1746432
1746406
1746403
1746405
1746402
1746383
1746380
1746369
1746350
1746333
1746331
1746334
1746290
1746287
1746285
1746276
1746249
1746232
1746226
1746210
1746201
1746182
1746181
1746180
1746179
1746166
1746159
1746152
1746153
1746150
1746139
1746123
1746112
1746105
1746099
1746081
1746077
1746075
1746064
1746061
1746065
1746059
1746056
1746055
1746052
1746051
1746046
1745981
1745973
1745956
1745955
1745953
1745951
1745948
1745932
1745923
1745902
1745899
1745886
1745879
1745878
1745860
1745854
1745852
1745853
1745851
1745846
1745833
1745822
1745814
1745801
1745797
1745784
1745774
1745763
1745759
1745754
1745748
1745745
1745733
1745732
1745713
1745711
1745712
1745710
1745685
1745671
1745669
1745665
1745648
1745647
1745619
1745607
1745601
1745599
1745577
1745564
1745560
1745551
1745547
1745523
1745521
1745513
1745510
1745508
1745506
1745497
1745496
1745473
1745455
1745452
1745437
1745438
1745432
1745428
1745418
1745395
1745381
1745384
1745339
1745332
1745327
1745326
1745325
1745324
1745311
1745309
1745305
1745284
1745278
1745264
1745254
1745253
1745249
1745243
1745245
1745233
1745228
1745212
1745188
1745180
1745167
1745165
1745141
1745144
1745139
1745137
1745125
1745115
1745108
1745091
1745090
1745084
1745073
1745066
1745060
1745044
1745016
1745015
1745013
1744987
1744974
1744969
1744968
1744965
1744962
1744951
1744943
1744941
1744944
1744937
1744923
1744924
1744907
1744905
1744900
1744890
1744888
1744886
1744881
1744870
1744869
1744868
1744865
1744862
1744843
1744839
1744837
1744832
1744825
1744801
1744795
1744785
1744769
1744763
1744764
1744747
1744742
1744745
1744736
1744723
1744708
1744709
1744703
1744704
1744698
1744695
1744687
1744681
1744679
1744674
1744666
1744654
1744645
1744644
1744633
1744634
1744619
1744615
1744610
1744606
1744608
1744603
1744598
1744596
1744592
1744591
1744594
1744586
1744581
1744584
1744570
1744559
1744543
1744521
1744520
1744519
1744517
1744512
1744502
1744496
1744472
1744466
1744460
1744456
1744452
1744451
1744446
1744430
1744422
1744425
1744404
1744403
1744399
1744388
1744387
1744383
1744381
1744379
1744378
1744376
1744357
1744355
1744354
1744346
1744340
1744334
1744331
1744329
1744324
1744303
1744301
1744300
1744284
1744285
1744273
1744271
1744263
1744262
1744250
1744247
1744237
1744207
1744205
1744203
1744198
1744197
1744189
1744120
1744075
1744069
1744038
1744029
1744023
1744025
1744002
1743999
1743902
1743901
1743882
1743881
1743878
1743873
1743874
1743870
1743846
1743841
1743751
1743753
1743750
1743711
1743708
1743691
1743687
1743682
1743668
1743662
1743637
1743622
1743620
1743618
1743611
1743571
1743551
1743550
1743539
1743531
1743521
1743519
1743515
1743507
1743497
1743476
1743465
1743426
1743409
1743404
1743386
1743385
1743376
1743372
1743367
1743295
1743293
1743285
1743272
1743268
1743257
1743255
1743254
1743250
1743234
1743235
1743232
1743228
1743210
1743196
1743189
1743185
1743165
1743137
1743136
1743132
1743121
1743118
1743094
1743073
1743050
1743041
1743045
1742993
1742990
1742962
1742961
1742958
1742945
1742925
1742892
1742891
1742870
1742837
1742834
1742816
1742808
1742807
1742793
1742774
1742772
1742766
1742762
1742761
1742756
1742742
1742731
1742730
1742729
1742727
1742722
1742717
1742716
1742714
1742700
1742699
1742697
1742694
1742693
1742662
1742658
1742656
1742650
1742649
1742644
1742643
1742633
1742625
1742618
1742613
1742604
1742601
1742600
1742590
1742580
1742578
1742579
1742453
1742451
1742448
1742430
1742374
1742371
1742369
1742367
1742365
1742363
1742358
1742350
1742335
1742327
1742326
1742322
1742325
1742323
1742302
1742304
1742298
1742296
1742263
1742232
1742231
1742197
1742164
1742144
1742133
1742132
1742130
1742127
1742123
1742120
1742116
1742114
1742081
1742064
1742058
1742053
1742044
1742041
1742036
1742030
1742029
1742027
1742028
1742026
1742025
1742022
1742023
1742024
1741976
1741944
1741933
1741928
1741926
1741925
1741923
1741918
1741890
1741862
1741859
1741807
1741806
1741805
1741799
1741791
1741788
1741786
1741784
1741781
1741778
1741776
1741766
1741763
1741760
1741742
1741731
1741704
1741701
1741699
1741676
1741673
1741675
1741672
1741671
1741669
1741667
1741665
1741633
1741632
1741622
1741607
1741542
1741539
1741535
1741506
1741502
1741500
1741497
1741491
1741473
1741471
1741461
1741463
1741460
1741457
1741456
1741441
1741445
1741389
1741385
1741384
1741375
1741374
1741370
1741355
1741352
1741337
1741327
1741267
1741263
1741250
1741246
1741243
1741225
1741187
1741179
1741175
1741161
1741156
1741154
1741150
1741142
1741140
1741139
1741133
1741090
1741085
1741080
1741065
1741061
1741063
1741064
1741060
1741059
1741058
1741054
1741052
1741050
1741047
1741046
1741045
1741043
1741042
1741036
1741026
1740993
1740987
1740982
1740981
1740977
1740932
1740930
1740926
1740915
1740903
1740882
1740877
1740875
1740866
1740865
1740847
1740832
1740827
1740820
1740819
1740815
1740814
1740811
1740810
1740804
1740801
1740803
1740802
1740800
1740799
1740796
1740780
1740777
1740774
1740771
1740766
1740763
1740756
1740754
1740753
1740752
1740749
1740748
1740746
1740743
1740741
1740734
1740730
1740729
1740728
1740727
1740725
1740722
1740723
1740720
1740718
1740716
1740711
1740706
1740705
1740700
1740699
1740694
1740682
1740683
1740680
1740678
1740652
1740651
1740645
1740639
1740631
1740632
1740629
1740626
1740613
1740603
1740600
1740599
1740597
1740577
1740575
1740573
1740570
1740566
1740565
1740561
1740554
1740550
1740548
1740545
1740541
1740542
1740538
1740533
1740527
1740526
1740525
1740521
1740518
1740515
1740513
1740511
1740509
1740501
1740484
1740478
1740479
1740477
1740471
1740469
1740465
1740432
1740430
1740427
1740426
1740425
1740424
1740422
1740417
1740415
1740414
1740412
1740410
1740405
1740399
1740397
1740390
1740363
1740365
1740356
1740349
1740341
1740338
1740337
1740334
1740324
1740299
1740296
1740294
1740272
1740257
1740254
1740253
1740250
1740249
1740247
